---
CameraID: 0
Name: "Slim 13E #22610"
path: ~
R: [0.2353210750981867, -0.9030407168878547, -0.3593625679690407, 0.8300479721156828, -0.005620641878644691, 0.5576636731682592, -0.5056128514993231, -0.42951818591014485, 0.7482444603010316]
r_vec_u: [0.002247903571754555, 0.002895488687761342, 0.0008096939257158848]
T: [74.9899108664096, -230.2498358205073, 1515.8294999615523]
T_u: [0.1667976145034799, 0.2426244908605929, 1.640780138125988]
f: [2678.3809920693875, 2684.079478018751]
f_u: [2.834755826934798, 2.834755826934798]
c: [759.4523528452168, 581.7104555881049]
c_u: [1.545774075159163e-13, 1.164943428871038e-14]
distortion: [-0.6766638051773172, 0.5016096032483014, -0.0008346904231396806, 0.002804228963273106]
distortion_uncertainty: [0.004964101879708899, 0.04400399931991646, 0.000250335401852973, 0.0003778516613053164]
centriod_loc_uncertainty: 0
sensor_size: [6.144, 4.9152]
pixel_size: [0.0048, 0.0048]
avg_reprojection_error: 0
imagelist:
  []
...
---
CameraID: 1
Name: "Slim 13E #22611"
path: ~
R: [0.07101014437107912, -0.9920359630009845, -0.1040298395130351, 0.7993061345434536, -0.005798456338041977, 0.6008960652103641, -0.5967137191967358, -0.12582140524094126, 0.7925286816927157]
r_vec_u: [0.002312200753204329, 0.002329058728502217, 0.000809810808619447]
T: [109.68249567741825, -201.84455703377535, 1686.8077986258522]
T_u: [0.06017356321956949, 0.173150956810658, 0.7776701556729281]
f: [2662.4923249675703, 2670.7975944690443]
f_u: [5.084007583311623, 5.084007583311623]
c: [730.0693139519935, 587.2732505506692]
c_u: [1.181492790063692e-13, 2.023720696951713e-13]
distortion: [-0.664691713889548, 0.1450233543736457, 0.004104789786131902, 0.000105021588509519]
distortion_uncertainty: [0.007390868397065414, 0.1122534553760753, 0.0003702464480358469, 0.0003901847644368078]
centriod_loc_uncertainty: 0
sensor_size: [6.144, 4.9152]
pixel_size: [0.0048, 0.0048]
avg_reprojection_error: 0
imagelist:
  []
...
---
CameraID: 2
Name: "Slim 13E #22612"
path: ~
R: [-0.07347999759594387, -0.9949767307171217, 0.06798525784880716, 0.7860391136715114, -0.0158245084528372, 0.6179741877382349, -0.6137941036958608, 0.09884781365156647, 0.7832534123797358]
r_vec_u: [0.002106170664968902, 0.002811231699470187, 0.0006414637280770712]
T: [29.877954424007942, -153.40320683759617, 1636.751601235775]
T_u: [0.05498961469333794, 0.1802240316387281, 0.9107410680141108]
f: [2683.7105370897857, 2688.7373646707424]
f_u: [3.685285647828862, 3.685285647828862]
c: [708.6650845844258, 521.279630116662]
c_u: [1.266507807982345e-13, 1.057974725004684e-13]
distortion: [-0.6522022148126134, 0.2860748417927364, -0.0001345570304307857, -6.0233488703024e-05]
distortion_uncertainty: [0.005427307905746687, 0.05904121303487846, 0.0002390827108893495, 0.0002587377554178421]
centriod_loc_uncertainty: 0
sensor_size: [6.144, 4.9152]
pixel_size: [0.0048, 0.0048]
avg_reprojection_error: 0
imagelist:
  []
...
---
CameraID: 3
Name: "Slim 13E #22613"
path: ~
R: [-0.30309471557183765, -0.8911870909566524, 0.3375191287981261, 0.8149556123795261, -0.058818834874430626, 0.5765307403036946, -0.4939442713945961, 0.44980652905025037, 0.7441055994818396]
r_vec_u: [0.003009016813541358, 0.002601026823787472, 0.00102840572319333]
T: [30.664739179449782, -175.43199351981767, 1582.4934883471803]
T_u: [0.1449354899276066, 0.2338442634525646, 1.067813326375615]
f: [2724.9877751283843, 2730.054060993035]
f_u: [4.199239214307529, 4.199239214307529]
c: [677.3832791944037, 519.2115207593122]
c_u: [1.266507807982345e-13, 8.031698357305928e-14]
distortion: [-0.695321644973163, 0.7004737175563988, -0.001909547509031923, -0.001179937934363252]
distortion_uncertainty: [0.005367464165413786, 0.04607103818450933, 0.0002364105980031148, 0.0001713657992653548]
centriod_loc_uncertainty: 0
sensor_size: [6.144, 4.9152]
pixel_size: [0.0048, 0.0048]
avg_reprojection_error: 0
imagelist:
  []
...
---
CameraID: 4
Name: "Slim 13E #22614"
path: ~
R: [0.2677827949048863, 0.873597398313786, 0.40634955446304055, -0.8359413753370663, 0.0009601744093083247, 0.5488179070189653, 0.4790557292763562, -0.48664839846082686, 0.7305333288242299]
r_vec_u: [0.002523900879722232, 0.002345802239537165, 0.0008270268548301203]
T: [-105.29514162055467, -15.522802917558156, 1440.997228382743]
T_u: [0.1253852683105701, 0.1797315605336033, 1.057388913211455]
f: [2578.093781947117, 2578.789025750904]
f_u: [5.68320054643161, 5.68320054643161]
c: [643.7448803426546, 602.6539636357234]
c_u: [0, 1.971419841118057e-13]
distortion: [-0.662177952034979, 0.377944531762298, 0.004174462651277348, 0.002311410668957398]
distortion_uncertainty: [0.005195900850223012, 0.02608500124162448, 0.0005100759133655846, 0.0002183589579995432]
centriod_loc_uncertainty: 0
sensor_size: [6.144, 4.9152]
pixel_size: [0.0048, 0.0048]
avg_reprojection_error: 0
imagelist:
  []
...
---
CameraID: 5
Name: "Slim 13E #22615"
path: ~
R: [0.16115251403775707, 0.9823279837590044, 0.09519243427541585, -0.7973064912127015, 0.07273632851566918, 0.599175922066425, 0.5816633272687908, -0.17245625195402317, 0.7949381201531157]
r_vec_u: [0.003049050849735556, 0.002812886534790555, 0.0009040298340869899]
T: [-115.74132841993837, -97.66186869560822, 1650.7104318699742]
T_u: [0.0449198514752289, 0.1783415077671805, 0.9587789393485258]
f: [2771.447732837129, 2775.8298332438994]
f_u: [4.337025459594721, 4.337025459594721]
c: [607.5522004964107, 629.2165654018222]
c_u: [2.320622857404618e-14, 1.059000670050854e-13]
distortion: [-0.7046273121133202, 0.7979972122828128, -0.00237422903683597, 0.002827860221219294]
distortion_uncertainty: [0.005472485499339451, 0.05018571860355499, 0.0004589403778297633, 0.0003964344660453984]
centriod_loc_uncertainty: 0
sensor_size: [6.144, 4.9152]
pixel_size: [0.0048, 0.0048]
avg_reprojection_error: 0
imagelist:
  []
...
---
CameraID: 6
Name: "Slim 13E #22616"
path: ~
R: [-0.09215669798350332, 0.9902701981938451, -0.10426925522847189, -0.7923027435213903, -0.0094985251604765, 0.6100542112208177, 0.6031281005103772, 0.1388333986794916, 0.7854691475709572]
r_vec_u: [0.003743121794164121, 0.003214588659938015, 0.0008404143008524708]
T: [-160.70520293808104, -38.884674978646316, 1555.7453461661503]
T_u: [0.0744933043652989, 0.2105635096125482, 0.9671994959076181]
f: [2690.221267849983, 2686.0524614805427]
f_u: [4.094547162245975, 4.094547162245975]
c: [786.5449988935866, 526.1771778712672]
c_u: [1.630846760878261e-13, 1.236895168577665e-13]
distortion: [-0.6727265437984697, 0.2785217976502436, -0.002445368856549978, -0.002192924839677324]
distortion_uncertainty: [0.006401044953464575, 0.04803102682064163, 0.0003604331395309838, 0.000214563261766445]
centriod_loc_uncertainty: 0
sensor_size: [6.144, 4.9152]
pixel_size: [0.0048, 0.0048]
avg_reprojection_error: 0
imagelist:
  []
...
---
CameraID: 7
Name: "Slim 13E #22617"
path: ~
R: [-0.24233199953006315, 0.8974779936850443, -0.3685219842218766, -0.8263572296639261, 0.008086644638679336, 0.563088212592529, 0.5083393856331838, 0.4409850984211998, 0.7396777757811315]
r_vec_u: [0.002485556323020887, 0.002422173037673787, 0.0009106723281268669]
T: [-142.65838753495652, -30.586848372239164, 1409.6595545358964]
T_u: [0.2338155681152763, 0.1321588368394942, 2.164683220465312]
f: [2720.037833786839, 2711.1373534616077]
f_u: [2.623830921015241, 2.623830921015241]
c: [802.5810292251293, 584.0526860537769]
c_u: [2.499737849681129e-13, 2.038568299633197e-13]
distortion: [-0.6309334818558432, -0.03216965352820856, -0.0001177105075168189, -0.003403354506575054]
distortion_uncertainty: [0.006449092740735967, 0.06244509197249987, 0.0001541916104457129, 0.0002474946249748648]
centriod_loc_uncertainty: 0
sensor_size: [6.144, 4.9152]
pixel_size: [0.0048, 0.0048]
avg_reprojection_error: 0
imagelist:
  []
...
